Envelope1: Env[-112.506968 : -112.504872, 45.98186 : 45.983586]
 MaxX: -112.504872
 MaxY: 45.983586
 MinX: -112.506968
 MinY: 45.98186
 Width: 0.0020959999999945467
 Height: 0.0017260000000050013
 Area: 3.6176960000010702E-6

Envelope2: Env[-112.504872 : -112.41643, 45.919281 : 45.98186]
 MaxX: -112.41643
 MaxY: 45.98186
 MinX: -112.504872
 MinY: 45.919281
 Width: 0.08844200000000058
 Height: 0.0625789999999995
 Area: 0.005534611917999991

 New Envelope resulting from intersection: Env[-112.504872 : -112.41643, 45.919281 : 45.98186]
 MaxX: -112.41643
 MaxY: 45.98186
 MinX: -112.504872
 MinY: 45.919281
 Width: 0.08844200000000058
 Height: 0.0625789999999995
 Area: 0.005534611917999991

