Envelope: Env[-112.506968 : -112.504872, 45.98186 : 45.983586]
 MaxX: -112.504872
 MaxY: 45.983586
 MinX: -112.506968
 MinY: 45.98186
 Width: 0.0020959999999945467
 Height: 0.0017260000000050013
 Area: 3.6176960000010702E-6

Point: POINT (-112.504872 45.919281)
 X: -112.504872
 Y: 45.919281

 New Envelope including point: Env[-112.506968 : -112.504872, 45.919281 : 45.983586]
 MaxX: -112.504872
 MaxY: 45.983586
 MinX: -112.506968
 MinY: 45.919281
 Width: 0.0020959999999945467
 Height: 0.0643050000000045
 Area: 1.3478327999965874E-4
